0.0 3.3333330540230577e-10 3.3333330540230577e-10 3.3333330540230577e-10 0.0
8.55867979e-06 0.7181754953333332 0.0004170223333332945 0.2814074827333333 -0.00480982737
1.71210002e-05 0.7437458043333334 0.0006961943333332887 0.25555800123333333 -0.00741541021
2.56911207e-05 0.7668720223333333 0.0011928783333333137 0.2319350993333333 -0.0104542146
3.42726801e-05 0.7872431773333333 0.0018353413333332957 0.21092148133333333 -0.0137987964
4.28698383e-05 0.8046986443333333 0.002559322333333336 0.1927420333333333 -0.0172763632
5.14862422e-05 0.8192279603333333 0.0033345263333333097 0.17743751333333332 -0.0207670119
6.0125519e-05 0.8309717123333333 0.004146182333333304 0.1648821053333333 -0.0241894144
6.87918384e-05 0.8401669123333333 0.004994297333333342 0.1548387913333333 -0.0275003573
7.74888422e-05 0.8470968973333333 0.005885454333333318 0.1470176483333333 -0.0306828738
8.6221204e-05 0.8520507403333333 0.006830355333333316 0.14111890533333332 -0.0337362697
9.49915193e-05 0.8552973523333334 0.007840639333333288 0.1368620083333333 -0.0366679702
0.000103805004 0.8570762763333333 0.00892802233333334 0.13399570033333333 -0.0394886076
0.000112664758 0.8575932033333333 0.0101032233333333 0.1323035733333333 -0.0422091153
0.000121574964 0.8570232173333334 0.0113757943333333 0.1316009893333333 -0.0448393819
0.00013053976 0.8555142213333333 0.012753902333333289 0.1317318763333333 -0.0473881074
0.000139562796 0.8531912883333332 0.014244231333333301 0.13256448033333332 -0.0498626764
0.000148648761 0.8501602963333332 0.015852165333333335 0.13398753733333332 -0.0522694065
0.000157801276 0.8465118433333334 0.01758159033333334 0.1359065663333333 -0.0546137932
0.000167024526 0.8423236523333333 0.019435121333333305 0.13824122633333333 -0.0569008643
0.00017632316 0.8376627793333333 0.021414161333333293 0.14092305933333332 -0.059135312
0.000185700327 0.8325880363333333 0.023518740333333288 0.14389322333333332 -0.0613212992
0.000195160675 0.8271501703333333 0.025748021333333315 0.1471018083333333 -0.0634628596
0.000204708911 0.8213935913333333 0.028100235333333334 0.15050617333333333 -0.0655637098
0.000214349201 0.8153577603333333 0.030572535333333317 0.1540697053333333 -0.0676269451
0.000224085167 0.8090783943333333 0.033161082333333314 0.15776052333333332 -0.0696552106
0.000233921477 0.8025873003333333 0.03586137933333333 0.1615513203333333 -0.0716507684
0.000243862839 0.7959134453333333 0.03866817033333331 0.1654183843333333 -0.0736154498
0.000253913921 0.7890836143333333 0.041575385333333326 0.16934099933333333 -0.0755502493
0.000264078365 0.7821236653333333 0.044576273333333305 0.1733000603333333 -0.0774555485
0.000274361886 0.7750570363333333 0.0476638703333333 0.1772790943333333 -0.0793314901
0.000284767602 0.7679071843333334 0.0508303573333333 0.18126245833333332 -0.081177867
0.000295301752 0.7606943573333333 0.05406828033333333 0.18523736133333332 -0.0829946196
0.000305967996 0.7534389363333334 0.057369341333333324 0.1891917223333333 -0.0847816773
0.000316771525 0.7461588713333334 0.060725617333333315 0.19311551133333332 -0.0865389421
0.000327717009 0.7388712833333333 0.0641291983333333 0.19699951833333332 -0.0882666213
0.000338809639 0.7315917693333334 0.06757234233333331 0.20083588833333332 -0.0899647926
0.000350054103 0.7243351093333333 0.07104740033333329 0.20461748933333332 -0.0916333458
0.000361455631 0.7171145293333333 0.0745469093333333 0.2083385613333333 -0.0932718556
0.000373018873 0.7099420353333333 0.07806344133333332 0.2119945233333333 -0.0948796299
0.000384750065 0.7028276843333333 0.08159015833333333 0.2155821573333333 -0.0964561043
0.000396653393 0.6957821993333333 0.08511991233333333 0.21909788833333332 -0.0980004079
0.000408734551 0.6888154183333333 0.08864582233333332 0.2225387593333333 -0.0995117813
0.000420999274 0.6819375573333333 0.09216091533333332 0.22590152833333332 -0.10098949
0.000433452249 0.6751597253333332 0.09565805333333333 0.22918222133333332 -0.1024328
0.000446100217 0.6684923493333332 0.0991306783333333 0.23237697333333332 -0.103841147
0.000458947828 0.6619463633333333 0.10257214733333331 0.23548148963333332 -0.105214334
0.000472001901 0.6555308553333333 0.10597634133333331 0.2384928036333333 -0.106552619
0.000485267124 0.6492549153333333 0.10933726633333332 0.24140781863333333 -0.107856476
0.000498750198 0.6431252453333334 0.1126500013333333 0.2442247531333333 -0.109126536
0.000512456354 0.6371467243333333 0.11591025833333332 0.24694301733333332 -0.110363691
0.000526392877 0.6313212903333334 0.11911514133333331 0.2495635675333333 -0.111569254
0.000540565461 0.6256502813333333 0.12226193833333332 0.25208778033333334 -0.112744267
0.000554980382 0.6201354283333333 0.12534826533333332 0.2545163068333333 -0.113889473
0.000569644383 0.6147805563333333 0.1283719263333333 0.25684751743333334 -0.115005977
0.000584563196 0.6095912163333332 0.13133141133333331 0.2590773722333333 -0.116095739
0.000599745113 0.6045713783333333 0.13422589033333332 0.2612027312333333 -0.117161132
0.000615195364 0.5997239753333333 0.13705431233333332 0.2632217126333333 -0.118204488
0.000630921736 0.5950487053333333 0.13981559233333332 0.2651357014333333 -0.119227478
0.000646930429 0.5905424213333332 0.14250822333333332 0.2669493547333333 -0.120230662
0.000663229811 0.5861998453333332 0.14513095033333331 0.2686692046333333 -0.121213731
0.000679826701 0.5820150673333333 0.14768272933333332 0.2703022028333333 -0.122176593
0.000696728265 0.5779818383333333 0.1501630333333333 0.27185512793333333 -0.123119707
0.000713942331 0.5740960623333333 0.1525717023333333 0.2733322350333333 -0.12404326
0.000731476724 0.5703567283333333 0.1549079363333333 0.27473533543333334 -0.124946938
0.000749339271 0.5667645643333333 0.1571701043333333 0.2760653315333333 -0.125829545
0.000767537177 0.5633199803333333 0.1593564173333333 0.27732360273333334 -0.12668977
0.000786079818 0.5600228503333333 0.16146623633333332 0.2785109130333333 -0.127527458
0.000804975098 0.5568724983333333 0.1635004253333333 0.2796270762333333 -0.128342848
0.000824231231 0.5538689573333333 0.16546097133333332 0.2806700719333333 -0.129136246
0.00084385705 0.5510142973333333 0.16734886933333332 0.2816368336333333 -0.129907706
0.000863860923 0.5483098473333333 0.16916335933333332 0.2825267929333333 -0.130656608
0.000884252691 0.5457500503333333 0.17090445533333332 0.2833454941333333 -0.13138088
0.000905040723 0.5433244433333333 0.17257496833333333 0.2841005885333333 -0.132078413
0.000926234394 0.5410251923333333 0.1741787243333333 0.2847960838333333 -0.132747883
0.000947844011 0.5388496983333333 0.1757173893333333 0.2854329119333333 -0.133386816
0.000969878483 0.5367956863333333 0.17719083733333332 0.2860134760333333 -0.133992339
0.000992347729 0.5348597333333334 0.17859892333333333 0.28654134363333333 -0.134564692
0.00101526206 0.5330369373333333 0.17994283633333333 0.2870202264333333 -0.135106601
0.00103863185 0.5313220143333333 0.1812250363333333 0.2874529497333333 -0.135621319
0.00106246763 0.5297075933333333 0.18244798133333331 0.2878444247333333 -0.136111903
0.00108677919 0.5281859823333332 0.18361396033333333 0.28820005683333333 -0.136580449
0.00111157852 0.5267538703333333 0.18472701433333333 0.2885191146333333 -0.137029377
0.00113687655 0.5254056443333333 0.1857946083333333 0.2887997478333333 -0.137462254
0.00116268412 0.5241312743333333 0.1868258113333333 0.2890429144333333 -0.137883125
0.00118901326 0.5229238113333333 0.18783039333333332 0.2892457952333333 -0.138294458
0.00121587596 0.5217821673333334 0.18881631033333332 0.28940152243333334 -0.138696781
0.00124328309 0.5207061643333333 0.18978708633333333 0.28950674963333334 -0.139090436
0.00127124865 0.5197000233333333 0.1907392933333333 0.2895606833333333 -0.1394751
0.00129978366 0.5187684893333333 0.19166501333333333 0.2895664974333333 -0.139851353
0.00132890214 0.5178946953333333 0.19255671133333332 0.2895485932333333 -0.140219083
0.00135861602 0.5170478663333333 0.19341118233333332 0.28954095173333333 -0.140579287
0.00138893971 0.5162140323333333 0.1942310153333333 0.28955495173333334 -0.140934875
0.00141988593 0.5153986463333333 0.1950213173333333 0.2895800360333333 -0.141286783
0.00145146878 0.5146051473333333 0.19578952833333332 0.2896053250333333 -0.141632702
0.00148370297 0.5138295603333334 0.19653884133333333 0.28963159873333333 -0.141967478
0.0015166023 0.5130586973333333 0.19726834633333332 0.28967295633333334 -0.142285122
0.00155018181 0.5122599253333333 0.19798258833333332 0.28975748663333334 -0.142582365
0.00158445667 0.5114046413333333 0.1986909673333333 0.2899043908333333 -0.142859822
0.00161944177 0.5104965003333333 0.1994027243333333 0.2901007754333333 -0.143121272
0.00165515323 0.5095552113333333 0.20012866933333331 0.29031611913333333 -0.143371936
0.00169160684 0.5086065343333332 0.2008618003333333 0.2905316654333333 -0.143611804
0.00172881951 0.5076768203333333 0.20156427133333332 0.29075890763333334 -0.1438293
0.00176680704 0.5067811173333333 0.2021987213333333 0.2910201614333333 -0.144019079
0.0018055871 0.5059128143333333 0.2027646233333333 0.2913225620333333 -0.144192273
0.00184517689 0.5050669983333334 0.2032841353333333 0.2916488663333333 -0.144358935
0.00188559392 0.5042572303333333 0.20377869433333332 0.2919640756333333 -0.144521471
0.00192685693 0.5034820153333333 0.20426788433333332 0.2922501008333333 -0.144676991
0.00196898423 0.5027182083333332 0.20476043433333332 0.2925213576333333 -0.144819277
0.00201199394 0.5019545733333333 0.2052407973333333 0.2928046296333333 -0.144936988
0.00205590637 0.5012335383333333 0.2056901663333333 0.2930762960333333 -0.145021806
0.00210074072 0.5005851763333333 0.20611053233333332 0.29330429113333334 -0.145074314
0.0021465173 0.4999372423333333 0.20651994233333332 0.2935428154333333 -0.145094707
0.00219325595 0.4992243023333333 0.2069340653333333 0.29384163313333334 -0.145092671
0.00224097898 0.4984270313333333 0.2073650853333333 0.29420788293333333 -0.145084727
0.00228970607 0.4975593643333333 0.20781507633333332 0.2946255597333333 -0.145078461
0.00233946079 0.4966759963333333 0.2082626313333333 0.29506137213333333 -0.145069219
0.0023902642 0.49583630933333334 0.20867254033333332 0.29549115093333334 -0.145047607
0.00244214002 0.4950679783333333 0.20904768833333331 0.2958843331333333 -0.145012874
0.00249511087 0.4943408543333333 0.2094359753333333 0.2962231700333333 -0.144976784
0.00254920015 0.4935984433333333 0.20988073333333332 0.29652082253333334 -0.144954228
0.00260443313 0.4928200393333333 0.21037978533333332 0.29680017513333334 -0.144937685
0.00266083367 0.4920130893333333 0.2108711643333333 0.29711574593333334 -0.144896478
0.0027184278 0.4911943763333333 0.21131450733333332 0.29749111673333334 -0.144833908
0.00277724156 0.4903208623333333 0.2117076553333333 0.2979714817333333 -0.144759822
0.00283730037 0.4893796813333333 0.2120558343333333 0.2985644842333333 -0.144666411
0.00289863119 0.4884116553333333 0.21237403133333332 0.29921431303333335 -0.144570716
0.00296126285 0.4873835013333333 0.21270286133333333 0.2999136370333333 -0.14451
0.00302522168 0.4862584153333333 0.2130439853333333 0.3006975991333333 -0.144467526
0.00309053745 0.48510450233333335 0.21338262833333332 0.30151286943333333 -0.144418133
0.00315723867 0.4840063253333333 0.21373504433333332 0.3022586302333333 -0.144349606
0.00322535665 0.4829753653333333 0.21415465333333333 0.3028699817333333 -0.144263909
0.00329492083 0.4821273933333333 0.21461390433333333 0.30325870273333333 -0.144181512
0.0033659625 0.48157360233333335 0.21504825133333333 0.3033781470333333 -0.144109351
0.00343851392 0.48118404233333334 0.21543738133333332 0.3033785762333333 -0.144022149
0.00351260731 0.4807562453333333 0.2157914483333333 0.3034523062333333 -0.143899363
0.00358827553 0.48024581133333333 0.2161785923333333 0.3035755963333333 -0.143771296
0.00366555328 0.4797339273333333 0.21669270233333332 0.30357336983333333 -0.143692548
0.00374447467 0.4793342823333333 0.2173295383333333 0.3033361786333333 -0.143677659
0.00382507565 0.47909241933333335 0.21796401033333332 0.30294357003333333 -0.143688295
0.00390739186 0.47910402733333335 0.21850008733333331 0.3023958850333333 -0.143701489
0.0039914608 0.47937672433333334 0.21892975833333334 0.3016935172333333 -0.143695868
0.00407731905 0.4796943383333333 0.21931130233333332 0.3009943597333333 -0.143641247
0.00416500597 0.47991143633333333 0.2196471923333333 0.3004413713333333 -0.143540143
0.00425456092 0.4800912113333333 0.21994539433333332 0.29996339473333333 -0.143343605
0.00434602095 0.4802767183333333 0.22033931133333332 0.2993839703333333 -0.143074116
0.00443941759 0.4802894483333333 0.22091888133333332 0.2987916696333333 -0.142832406
0.0045347766 0.4801592973333333 0.22158471433333332 0.29825598843333334 -0.14260272
0.00463211757 0.4802389083333333 0.2222008113333333 0.29756028053333333 -0.142293793
0.00473145351 0.4805981303333333 0.2227606543333333 0.2966412147333333 -0.141964577
0.00483279052 0.4809971513333333 0.2234308253333333 0.29557202343333333 -0.141740749
0.00493612749 0.4811577283333333 0.2242783923333333 0.2945638790333333 -0.14159911
0.00504145586 0.4810860893333333 0.22522407133333333 0.29368983903333334 -0.14147814
0.00514875949 0.48121530533333334 0.22627387433333332 0.29251082063333333 -0.141433728
0.00525801447 0.4817690373333333 0.22743327433333332 0.2907976885333333 -0.141362577
0.00536918919 0.4824539253333333 0.22871607333333333 0.2888300013333333 -0.14114655
0.00548224436 0.48300425233333333 0.2300425943333333 0.2869531530333333 -0.140725591
0.00559713314 0.48346836233333335 0.2313618013333333 0.2851698362333333 -0.14018272
0.00571380145 0.4839860343333333 0.2328073963333333 0.28320656943333333 -0.139604152
0.0058321882 0.4844158333333333 0.2345099669333333 0.2810742001333333 -0.138884522
0.00595222582 0.4846027833333333 0.2363906758333333 0.2790065412333333 -0.137978848
0.00607384069 0.48440254633333335 0.23832030623333333 0.27727714773333334 -0.136989842
0.00619695376 0.4833375373333333 0.24063573073333333 0.2760267318333333 -0.135939292
0.00632148122 0.4814492323333333 0.24360053963333334 0.27495022843333333 -0.134734869
0.00644733524 0.4787985363333333 0.2473617786333333 0.2738396849333333 -0.133307862
0.00657442477 0.47553497533333333 0.2520430653333333 0.2724219589333333 -0.131925079
0.00670265636 0.47210140533333333 0.2573310986333333 0.27056749643333333 -0.130795689
0.00683193509 0.4681419783333333 0.26295124633333333 0.2689067749333333 -0.129740868
0.00696216541 0.4632958093333333 0.26899322113333335 0.2677109699333333 -0.128553716
0.00709325215 0.4577427833333333 0.27563231153333334 0.26662490533333333 -0.127236024
0.00722510136 0.4521527603333333 0.28290880323333334 0.2649384363333333 -0.12583918
0.00735762125 0.4464152413333333 0.29104658613333334 0.2625381728333333 -0.124263503
0.00749072306 0.44038690033333333 0.2996512235333333 0.2599618757333333 -0.122492191
0.00762432192 0.4340105733333333 0.3086989314333333 0.25729049503333334 -0.120554247
0.00775833762 0.4265884773333333 0.3184283472333333 0.2549831754333333 -0.118612901
0.00789269538 0.4183335660333333 0.3282043206233333 0.2534621133333333 -0.116631824
0.00802732649 0.4090196240333333 0.3381304473033333 0.25284992863333333 -0.114340104
0.00816216894 0.3989490239333333 0.3488279994333333 0.2522229766333333 -0.11151648
0.00829716796 0.3889844564333333 0.3604588364333333 0.25055670713333333 -0.108105007
0.00843227644 0.37914903063333333 0.3725414760333333 0.2483094933333333 -0.103943765
0.00856745537 0.3690577696333333 0.38438356183333333 0.2465586686333333 -0.0992109527
0.00870267409 0.3589061910333333 0.3959831229333333 0.2451106860333333 -0.0943404217
0.00883791054 0.3492405525333333 0.4075226632333333 0.2432367842333333 -0.0892061984
0.00897315143 0.3413001614033333 0.4188102130333333 0.23988962563333333 -0.0840370985
0.00910839232 0.33546769753333333 0.4288799541333333 0.23565234833333332 -0.07897137
0.00924363321 0.3320141323233333 0.4365188103333333 0.2314670573333333 -0.0736775227
0.0093788741 0.3294626176733333 0.4440439503333333 0.2264934323333333 -0.0682673872
0.00951411499 0.3272201811733333 0.4521465823333333 0.22063323633333332 -0.0629916224
0.00964935589 0.3255049895433333 0.45974816333333335 0.2147468463333333 -0.0575502738
0.00978459678 0.3246213605033333 0.4663076203333333 0.2090710183333333 -0.0513589624
0.00991983767 0.3248243967033333 0.4718215043333333 0.20335409933333332 -0.0447665384
0.0100550786 0.3260898863033333 0.4760258413333333 0.1978842723333333 -0.0386543858
0.0101903195 0.3276062550233333 0.4793132513333333 0.19308049433333332 -0.0335767142
0.0103255603 0.3292839063733333 0.4817456893333333 0.18897040433333331 -0.0297431732
0.0104608012 0.3311895058433333 0.4839381363333333 0.18487235733333332 -0.0264791982
0.0105960421 0.33342264711573333 0.4868671883333333 0.1797101643333333 -0.0227967793
0.010731283 0.3357048228133333 0.4899700853333333 0.17432509233333332 -0.0192460808
0.0108665239 0.3377952911533333 0.49233048933333334 0.16987421933333333 -0.0172389266
0.0110017648 0.33965764354333333 0.4931029203333333 0.16723943633333332 -0.0169279488
0.0111370057 0.3419048000233333 0.4923692593333333 0.16572594033333332 -0.017526338
0.0112722466 0.3441586329333333 0.49106629933333334 0.1647750673333333 -0.0184726102
0.0114074875 0.34646050403333334 0.4900378123333333 0.1635016843333333 -0.0197877805
0.0115427284 0.3483008372333333 0.4894769053333333 0.1622222583333333 -0.0217349456
0.0116779693 0.3497460037333333 0.48913290833333334 0.1611210873333333 -0.0242053416
0.0118132101 0.35099260893333334 0.4893021533333333 0.1597052373333333 -0.0267474749
0.011948451 0.3522949545333333 0.4890426533333333 0.15866239133333332 -0.0290032104
0.0120836919 0.35387797753333333 0.4880180923333333 0.1581039303333333 -0.0312531796
0.0122189328 0.3556909297333333 0.4869934893333333 0.15731558133333332 -0.03378189
0.0123541737 0.3576588380333333 0.48585950133333333 0.15648166133333333 -0.0363790492
0.0124894146 0.3590100535333333 0.4850606573333333 0.1559292893333333 -0.0387793553
0.0126246555 0.36012534313333333 0.4846342573333333 0.1552403993333333 -0.0407606698
0.0127598964 0.3615960054333333 0.48406028133333334 0.15434371333333333 -0.0424800074
0.0128951373 0.3630606444333333 0.4832412503333333 0.1536981053333333 -0.0441521656
0.0130303782 0.36425430963333333 0.4826627133333333 0.15308297733333331 -0.045886534
0.0131656191 0.3653369230333333 0.4824724623333333 0.1521906143333333 -0.0479111838
0.01330086 0.3660872743333333 0.48253325933333335 0.15137946633333332 -0.050198672
0.0134361009 0.3669815061333333 0.4823362193333333 0.1506822743333333 -0.0524947686
0.0135713417 0.3678312300333333 0.4821101313333333 0.15005863833333333 -0.0547542502
0.0137065826 0.3686023283333333 0.4819092623333333 0.14948840933333332 -0.0569985285
0.0138418235 0.3694511085333333 0.4816174543333333 0.1489314363333333 -0.0592406669
0.0139770644 0.3701125896333333 0.4814439423333333 0.14844346833333333 -0.0615255614
0.0141123053 0.37097097053333333 0.4811041563333333 0.14792487333333332 -0.0638288561
0.0142475462 0.37154859793333334 0.48096886633333336 0.1474825353333333 -0.0661970857
0.0143827871 0.3725893356333333 0.4804693603333333 0.14694130433333333 -0.0685474443
0.014518028 0.3730189897333333 0.48042553033333335 0.14655547933333332 -0.0710061483
0.0146532689 0.3737163848333333 0.4801623213333333 0.14612129433333332 -0.0734951978
0.0147885098 0.3743898856333333 0.47990495333333333 0.1457051603333333 -0.076076394
0.0149237507 0.3749015123333333 0.47976730933333334 0.1453311783333333 -0.0787828988
0.0150589915 0.3754898085333333 0.4795781463333333 0.14493204533333331 -0.0815760281
0.0151942324 0.3759161542333333 0.4795293683333333 0.14455447733333332 -0.0844685821
0.0153294733 0.37632513263333334 0.4795109223333333 0.14416394433333332 -0.0874212467
0.0154647142 0.3768329247333333 0.4794267723333333 0.14374030333333332 -0.0904042172
0.0155999551 0.3769211403333333 0.4796635773333333 0.1434152823333333 -0.0935004877
0.015735196 0.37722456883333333 0.47971974733333334 0.14305568333333332 -0.09663489
0.0158704369 0.3779669348333333 0.4794158023333333 0.14261726233333333 -0.099780677
0.0160056778 0.3780336424333333 0.4796133673333333 0.14235299033333332 -0.103121554
0.0161409187 0.3781387795333333 0.4797688733333333 0.1420923473333333 -0.106520895
0.0162761596 0.37894765243333334 0.4793719213333333 0.1416804263333333 -0.109827384
0.0164114005 0.37925024863333334 0.4793539133333333 0.1413958383333333 -0.113230787
0.0165466413 0.37949033353333333 0.4793655233333333 0.1411441433333333 -0.116654457
0.0166818822 0.3808588828333333 0.4784747583333333 0.14066635833333332 -0.119882674
0.0168171231 0.38079338513333333 0.4786486993333333 0.1405579163333333 -0.12345846
0.016952364 0.38154149493333334 0.4781443183333333 0.1403141863333333 -0.126959621
0.0170876049 0.3827907450333333 0.4772107903333333 0.13999846533333332 -0.13044611
0.0172228458 0.3832837440333333 0.4768419633333333 0.13987429333333332 -0.134167863
0.0173580867 0.38432444013333333 0.4760579193333333 0.13961764133333332 -0.137803336
0.0174933276 0.3853972896333333 0.47527918133333336 0.1393235293333333 -0.141424949
0.0176285685 0.3859145405333333 0.4749648143333333 0.13912064433333332 -0.145136791
0.0177638094 0.3864134040333333 0.47468655633333334 0.1389000393333333 -0.148803185
0.0178990503 0.3868220965333333 0.4744789953333333 0.13869890833333332 -0.152443835
0.0180342912 0.38786971563333333 0.4737600993333333 0.1383701853333333 -0.155899289
0.018169532 0.3885474935333333 0.4733052303333333 0.13814727633333332 -0.15945261
0.0183047729 0.38937862253333333 0.4727188073333333 0.1379025703333333 -0.162983048
0.0184400138 0.3900141339333333 0.4722873283333333 0.13769853733333332 -0.166554236
0.0185752547 0.3907156824333333 0.4718229833333333 0.13746133333333332 -0.170041072
0.0187104956 0.3909649850333333 0.4717370103333333 0.1372980043333333 -0.17353446
0.0188457365 0.39114051273333333 0.4717400293333333 0.1371194573333333 -0.17689049
0.0189809774 0.3914367588333333 0.4716781103333333 0.13688513033333333 -0.180046629
0.0191162183 0.39178301613333333 0.4715988193333333 0.13661816433333332 -0.183043317
0.0192514592 0.3920711277333333 0.47157797933333334 0.1363508933333333 -0.185942445
